chrX:55054634_G-C -2.606401
chrX:55054635_A-G -3.005215
chrX:55054636_T-C -0.310597
chr1:155271258_T-C -1.583371
chr10:127505271_A-G -1.846972
chr10:127505291_G-T -0.082494
chr9:136144716_A-C -1.705969
chr11:5271262_A-G 1.078822
chr1:155271269_C-G 0.654053
chr1:155271259_C-G -0.829301
chr11:5255790_A-G -1.899312
chr11:5255789_T-A -1.865642
chr8:41655182_T-A -0.889138
chr10:71075518_A-G -3.342691
chrX:55057617_G-C 0.072541
chr1:159174683_T-C -2.540025
chr9:136150682_G-C 0.252679
chr19:12998082_G-A -0.418611
chr11:5276543_A-C -0.409403
chr11:5271260_A-G -1.141119
chr16:222853_C-T 0.331637
chr16:222821_G-A -0.249691
chr6:49604581_T-C -1.611164
chr11:118955323_G-A -0.31955
chr11:118955413_C-T -0.208444
chr11:118955474_G-A -0.112923
chr11:118955622_T-A -0.504338
chr11:118955641_C-T -0.621883
chr11:118955716_A-C 0.199443
chr6:41925159_G-A -0.236568
chr6:109625879_G-A -0.362696
chr17:76375095_A-G 0.77401
chr20:55990405_T-C -1.03902
chr1:3691528_A-G -0.698289
