chrX:55054634_G-C -1.739268
chrX:55054635_A-G -2.643102
chrX:55054636_T-C -1.054036
chr1:155271258_T-C -1.274806
chr10:127505271_A-G -1.213748
chr10:127505291_G-T -0.402607
chr9:136144716_A-C -1.598175
chr11:5271262_A-G 1.036601
chr1:155271269_C-G 0.315247
chr1:155271259_C-G -0.052643
chr11:5255790_A-G -1.407551
chr11:5255789_T-A -1.714513
chr8:41655182_T-A -0.867994
chr10:71075518_A-G -2.002222
chrX:55057617_G-C 0.245408
chr1:159174683_T-C -2.195912
chr9:136150682_G-C 0.351957
chr19:12998082_G-A -0.340483
chr11:5276543_A-C 0.162411
chr11:5271260_A-G -1.302002
chr16:222853_C-T 0.231037
chr16:222821_G-A -0.108278
chr6:49604581_T-C -1.16156
chr11:118955323_G-A 0.445554
chr11:118955413_C-T -0.771436
chr11:118955474_G-A -0.459272
chr11:118955622_T-A -0.130202
chr11:118955641_C-T -0.463912
chr11:118955716_A-C 0.498893
chr6:41925159_G-A -0.015482
chr6:109625879_G-A -0.58211
chr17:76375095_A-G 0.513676
chr20:55990405_T-C -0.37903
chr1:3691528_A-G -0.806095
