chrX:55054634_G-C -2.157797
chrX:55054635_A-G -2.747478
chrX:55054636_T-C -0.795268
chr1:155271258_T-C -1.499284
chr10:127505271_A-G -1.37047
chr10:127505291_G-T -0.256969
chr9:136144716_A-C -1.487161
chr11:5271262_A-G 0.799992
chr1:155271269_C-G 0.281764
chr1:155271259_C-G 0.260853
chr11:5255790_A-G -1.309593
chr11:5255789_T-A -1.248929
chr8:41655182_T-A -0.859226
chr10:71075518_A-G -2.124938
chrX:55057617_G-C 0.511628
chr1:159174683_T-C -1.94252
chr9:136150682_G-C 0.421577
chr19:12998082_G-A -0.101825
chr11:5276543_A-C 0.155886
chr11:5271260_A-G -1.15022
chr16:222853_C-T 0.06276
chr16:222821_G-A 0.00373499999999999
chr6:49604581_T-C -1.492429
chr11:118955323_G-A 0.123732
chr11:118955413_C-T -0.219566
chr11:118955474_G-A 0.031797
chr11:118955622_T-A -0.437798
chr11:118955641_C-T -0.028404
chr11:118955716_A-C -0.284951
chr6:41925159_G-A -0.162048
chr6:109625879_G-A -0.26146
chr17:76375095_A-G 0.330938
chr20:55990405_T-C -0.719505
chr1:3691528_A-G -1.10243
