chrX:55054634_G-C -1.852788
chrX:55054635_A-G -2.41597
chrX:55054636_T-C -0.576189
chr1:155271258_T-C -1.578653
chr10:127505271_A-G -1.224181
chr10:127505291_G-T -0.92979
chr9:136144716_A-C -2.230985
chr11:5271262_A-G 0.985371
chr1:155271269_C-G 0.0982989999999999
chr1:155271259_C-G -0.115865
chr11:5255790_A-G -1.567742
chr11:5255789_T-A -1.469775
chr8:41655182_T-A -0.889552
chr10:71075518_A-G -1.962815
chrX:55057617_G-C -0.125049
chr1:159174683_T-C -2.013224
chr9:136150682_G-C 0.417711
chr19:12998082_G-A -0.569517
chr11:5276543_A-C -0.003803
chr11:5271260_A-G -1.807066
chr16:222853_C-T -0.273868
chr16:222821_G-A -0.055652
chr6:49604581_T-C -1.155232
chr11:118955323_G-A 0.01042
chr11:118955413_C-T -0.336114
chr11:118955474_G-A -0.375408
chr11:118955622_T-A -0.423076
chr11:118955641_C-T -0.080978
chr11:118955716_A-C 0.187826
chr6:41925159_G-A 0.117808
chr6:109625879_G-A 0.049733
chr17:76375095_A-G 0.429096
chr20:55990405_T-C -0.856904
chr1:3691528_A-G -0.7264
