chrX:55054634_G-C -3.159089
chrX:55054635_A-G -3.392724
chrX:55054636_T-C -2.204734
chr1:155271258_T-C -3.193548
chr10:127505271_A-G -2.721891
chr10:127505291_G-T -0.64925
chr9:136144716_A-C -4.426078
chr11:5271262_A-G 0.461626
chr1:155271269_C-G 0.120224
chr1:155271259_C-G -2.969338
chr11:5255790_A-G -3.950264
chr11:5255789_T-A -3.382968
chr8:41655182_T-A -1.618674
chr10:71075518_A-G -1.614493
chrX:55057617_G-C -0.09608
chr1:159174683_T-C -3.275566
chr9:136150682_G-C 0.551144
chr19:12998082_G-A -0.915146
chr11:5276543_A-C -3.481722
chr11:5271260_A-G -1.276615
chr16:222853_C-T -0.398193
chr16:222821_G-A 0.401521
chr6:49604581_T-C -2.364995
chr11:118955323_G-A -0.210288
chr11:118955413_C-T 0.09104
chr11:118955474_G-A -0.654355
chr11:118955622_T-A -0.946209
chr11:118955641_C-T -0.514458
chr11:118955716_A-C -0.877873
chr6:41925159_G-A 1.137648
chr6:109625879_G-A -1.189173
chr17:76375095_A-G 0.828114
chr20:55990405_T-C 0.452162
chr1:3691528_A-G -0.421737
