chrX:55054634_G-C -3.470049
chrX:55054635_A-G -4.484005
chrX:55054636_T-C -2.480905
chr1:155271258_T-C -3.555274
chr10:127505271_A-G -3.670703
chr10:127505291_G-T 0.425594
chr9:136144716_A-C -3.899279
chr11:5271262_A-G 0.630413
chr1:155271269_C-G -0.463323
chr1:155271259_C-G -3.31673
chr11:5255790_A-G -4.181974
chr11:5255789_T-A -3.556454
chr8:41655182_T-A -1.775792
chr10:71075518_A-G -2.421551
chrX:55057617_G-C -1.197322
chr1:159174683_T-C -3.89349
chr9:136150682_G-C -0.218209
chr19:12998082_G-A -0.605734
chr11:5276543_A-C -3.066211
chr11:5271260_A-G -1.379821
chr16:222853_C-T 0.29227
chr16:222821_G-A 0.287756
chr6:49604581_T-C -3.121973
chr11:118955323_G-A -0.741127
chr11:118955413_C-T 0.367557
chr11:118955474_G-A -0.48574
chr11:118955622_T-A -0.634119
chr11:118955641_C-T -1.011908
chr11:118955716_A-C -0.078497
chr6:41925159_G-A 0.273882
chr6:109625879_G-A -0.188695
chr17:76375095_A-G 0.297916
chr20:55990405_T-C -0.028545
chr1:3691528_A-G -0.030128
