chrX:55054634_G-C -3.672984
chrX:55054635_A-G -5.376031
chrX:55054636_T-C -2.468211
chr1:155271258_T-C -3.652648
chr10:127505271_A-G -3.108635
chr10:127505291_G-T 0.10425
chr9:136144716_A-C -5.055687
chr11:5271262_A-G 0.349985
chr1:155271269_C-G 0.0652440000000001
chr1:155271259_C-G -3.740941
chr11:5255790_A-G -4.06495
chr11:5255789_T-A -4.147495
chr8:41655182_T-A -1.349385
chr10:71075518_A-G -2.798741
chrX:55057617_G-C -0.552713
chr1:159174683_T-C -3.91914
chr9:136150682_G-C -0.42859
chr19:12998082_G-A -0.981727
chr11:5276543_A-C -4.054131
chr11:5271260_A-G -0.909335
chr16:222853_C-T -0.333439
chr16:222821_G-A 0.480107
chr6:49604581_T-C -3.204229
chr11:118955323_G-A -0.871634
chr11:118955413_C-T -0.40293
chr11:118955474_G-A 0.120846
chr11:118955622_T-A -0.48977
chr11:118955641_C-T -0.853671
chr11:118955716_A-C -0.067072
chr6:41925159_G-A -0.282528
chr6:109625879_G-A -0.562426
chr17:76375095_A-G 0.495647
chr20:55990405_T-C -0.102548
chr1:3691528_A-G 0.208389
