chrX:55054634_G-C -2.968195
chrX:55054635_A-G -4.259547
chrX:55054636_T-C -2.103568
chr1:155271258_T-C -3.087507
chr10:127505271_A-G -3.326549
chr10:127505291_G-T -0.26503
chr9:136144716_A-C -5.368274
chr11:5271262_A-G 0.496083
chr1:155271269_C-G -0.782883
chr1:155271259_C-G -2.879513
chr11:5255790_A-G -3.767704
chr11:5255789_T-A -3.977193
chr8:41655182_T-A -1.094308
chr10:71075518_A-G -1.874162
chrX:55057617_G-C -0.669413
chr1:159174683_T-C -4.216555
chr9:136150682_G-C 0.533704
chr19:12998082_G-A -0.694262
chr11:5276543_A-C -3.582099
chr11:5271260_A-G -1.385514
chr16:222853_C-T -0.134969
chr16:222821_G-A 0.063502
chr6:49604581_T-C -2.891092
chr11:118955323_G-A 0.210667
chr11:118955413_C-T -0.151406
chr11:118955474_G-A 0.1126
chr11:118955622_T-A -0.336803
chr11:118955641_C-T -0.489995
chr11:118955716_A-C -0.279661
chr6:41925159_G-A -0.064256
chr6:109625879_G-A 0.153909
chr17:76375095_A-G 0.304104
chr20:55990405_T-C 0.525052
chr1:3691528_A-G 0.078361
