chrX:55054634_G-C -1.835964
chrX:55054635_A-G -2.603116
chrX:55054636_T-C -0.620754
chr1:155271258_T-C -1.629493
chr10:127505271_A-G -1.276828
chr10:127505291_G-T -0.626998
chr9:136144716_A-C -1.107457
chr11:5271262_A-G 0.970661
chr1:155271269_C-G 0.278264
chr1:155271259_C-G -0.150379
chr11:5255790_A-G -1.396442
chr11:5255789_T-A -1.56455
chr8:41655182_T-A -0.614666
chr10:71075518_A-G -1.695515
chrX:55057617_G-C 0.678219
chr1:159174683_T-C -2.221562
chr9:136150682_G-C -0.146715
chr19:12998082_G-A -0.14702
chr11:5276543_A-C 0.177131
chr11:5271260_A-G -1.5956
chr16:222853_C-T 0.202758
chr16:222821_G-A 0.090367
chr6:49604581_T-C -1.266225
chr11:118955323_G-A -0.038924
chr11:118955413_C-T -0.124075
chr11:118955474_G-A 0.208665
chr11:118955622_T-A -1.091709
chr11:118955641_C-T -0.077195
chr11:118955716_A-C -0.161978
chr6:41925159_G-A 0.177857
chr6:109625879_G-A -0.276183
chr17:76375095_A-G 0.720894
chr20:55990405_T-C -0.813484
chr1:3691528_A-G -0.145871
