chrX:55054634_G-C -3.224208
chrX:55054635_A-G -4.300531
chrX:55054636_T-C -3.080031
chr1:155271258_T-C -4.73575
chr10:127505271_A-G -4.420187
chr10:127505291_G-T -0.331829
chr9:136144716_A-C -6.162789
chr11:5271262_A-G 0.748685
chr1:155271269_C-G -1.048199
chr1:155271259_C-G -4.298162
chr11:5255790_A-G -5.212137
chr11:5255789_T-A -5.638786
chr8:41655182_T-A -1.463932
chr10:71075518_A-G -1.644659
chrX:55057617_G-C 0.055285
chr1:159174683_T-C -5.962243
chr9:136150682_G-C -0.197818
chr19:12998082_G-A -1.136234
chr11:5276543_A-C -4.009508
chr11:5271260_A-G -2.334392
chr16:222853_C-T 0.216955
chr16:222821_G-A -0.056233
chr6:49604581_T-C -3.709295
chr11:118955323_G-A -0.60953
chr11:118955413_C-T -0.17763
chr11:118955474_G-A 0.0119980000000001
chr11:118955622_T-A 0.247094
chr11:118955641_C-T -0.754818
chr11:118955716_A-C -0.688782
chr6:41925159_G-A -1.146235
chr6:109625879_G-A -0.416655
chr17:76375095_A-G 1.286929
chr20:55990405_T-C -0.0706849999999999
chr1:3691528_A-G 0.076701
