chrX:55054634_G-C -2.364308
chrX:55054635_A-G -2.499024
chrX:55054636_T-C -0.533706
chr1:155271258_T-C -1.219325
chr10:127505271_A-G -1.520015
chr10:127505291_G-T -0.140157
chr9:136144716_A-C -1.739705
chr11:5271262_A-G 0.912752
chr1:155271269_C-G -0.225803
chr1:155271259_C-G -0.136619
chr11:5255790_A-G -1.140249
chr11:5255789_T-A -1.094337
chr8:41655182_T-A -0.566877
chr10:71075518_A-G -1.974426
chrX:55057617_G-C -0.246317
chr1:159174683_T-C -2.151365
chr9:136150682_G-C 0.390407
chr19:12998082_G-A 0.016903
chr11:5276543_A-C 0.215059
chr11:5271260_A-G -1.541056
chr16:222853_C-T -0.146815
chr16:222821_G-A -0.120324
chr6:49604581_T-C -1.196254
chr11:118955323_G-A -0.240317
chr11:118955413_C-T -0.334245
chr11:118955474_G-A 0.128231
chr11:118955622_T-A -0.189469
chr11:118955641_C-T 0.06358
chr11:118955716_A-C 0.041727
chr6:41925159_G-A 0.275555
chr6:109625879_G-A -0.289739
chr17:76375095_A-G 0.507119
chr20:55990405_T-C -0.717254
chr1:3691528_A-G -0.11129
