chrX:55054634_G-C -2.64607
chrX:55054635_A-G -4.567463
chrX:55054636_T-C -2.747394
chr1:155271258_T-C -4.659685
chr10:127505271_A-G -4.664537
chr10:127505291_G-T -0.618126
chr9:136144716_A-C -5.945847
chr11:5271262_A-G 0.513595
chr1:155271269_C-G -0.415031
chr1:155271259_C-G -3.710404
chr11:5255790_A-G -4.674531
chr11:5255789_T-A -3.96447
chr8:41655182_T-A -2.084542
chr10:71075518_A-G -1.05696
chrX:55057617_G-C -0.105531
chr1:159174683_T-C -5.152262
chr9:136150682_G-C 0.501684
chr19:12998082_G-A -1.733382
chr11:5276543_A-C -3.494227
chr11:5271260_A-G -1.780944
chr16:222853_C-T 0.85726
chr16:222821_G-A 0.35595
chr6:49604581_T-C -3.441678
chr11:118955323_G-A -0.0741109999999999
chr11:118955413_C-T -0.148613
chr11:118955474_G-A -0.199934
chr11:118955622_T-A -0.04982
chr11:118955641_C-T 0.143172
chr11:118955716_A-C 0.081312
chr6:41925159_G-A -0.293694
chr6:109625879_G-A -0.0941899999999999
chr17:76375095_A-G 0.397082
chr20:55990405_T-C 0.0176369999999999
chr1:3691528_A-G -0.379199
