chrX:55054634_G-C -3.181415
chrX:55054635_A-G -4.397682
chrX:55054636_T-C -3.386029
chr1:155271258_T-C -3.643017
chr10:127505271_A-G -4.623219
chr10:127505291_G-T -1.042868
chr9:136144716_A-C -5.342814
chr11:5271262_A-G -0.184804
chr1:155271269_C-G 0.739653
chr1:155271259_C-G -3.168722
chr11:5255790_A-G -3.678499
chr11:5255789_T-A -4.430181
chr8:41655182_T-A -2.432248
chr10:71075518_A-G -0.645857
chrX:55057617_G-C 0.00120700000000001
chr1:159174683_T-C -4.749988
chr9:136150682_G-C 0.66515
chr19:12998082_G-A -1.668276
chr11:5276543_A-C -3.482535
chr11:5271260_A-G -1.759327
chr16:222853_C-T 0.039062
chr16:222821_G-A 0.756766
chr6:49604581_T-C -3.322723
chr11:118955323_G-A -0.461274
chr11:118955413_C-T 0.600608
chr11:118955474_G-A -0.380152
chr11:118955622_T-A 0.178447
chr11:118955641_C-T -0.219839
chr11:118955716_A-C -0.370564
chr6:41925159_G-A -0.767079
chr6:109625879_G-A -0.861729
chr17:76375095_A-G 0.383484
chr20:55990405_T-C 0.248675
chr1:3691528_A-G -0.041948
