chrX:55054634_G-C -2.14193
chrX:55054635_A-G -2.449809
chrX:55054636_T-C -0.573616
chr1:155271258_T-C -1.286925
chr10:127505271_A-G -1.352406
chr10:127505291_G-T -0.110787
chr9:136144716_A-C -1.503204
chr11:5271262_A-G 0.830309
chr1:155271269_C-G 0.233295
chr1:155271259_C-G -0.182279
chr11:5255790_A-G -1.289871
chr11:5255789_T-A -1.204672
chr8:41655182_T-A -0.534041
chr10:71075518_A-G -2.142563
chrX:55057617_G-C -0.214019
chr1:159174683_T-C -2.20513
chr9:136150682_G-C 0.452292
chr19:12998082_G-A 0.191111
chr11:5276543_A-C -0.0421009999999999
chr11:5271260_A-G -1.384306
chr16:222853_C-T 0.116159
chr16:222821_G-A -0.071979
chr6:49604581_T-C -1.125805
chr11:118955323_G-A 0.322132
chr11:118955413_C-T 0.06893
chr11:118955474_G-A 0.490631
chr11:118955622_T-A -0.487319
chr11:118955641_C-T -0.262242
chr11:118955716_A-C -0.225334
chr6:41925159_G-A 0.347728
chr6:109625879_G-A -0.215155
chr17:76375095_A-G 0.575825
chr20:55990405_T-C -0.583679
chr1:3691528_A-G -0.325017
