chrX:55054634_G-C -2.548925
chrX:55054635_A-G -4.025485
chrX:55054636_T-C -3.584574
chr1:155271258_T-C -3.508989
chr10:127505271_A-G -3.578668
chr10:127505291_G-T -1.07122
chr9:136144716_A-C -4.847036
chr11:5271262_A-G -0.553643
chr1:155271269_C-G 0.566777
chr1:155271259_C-G -2.897486
chr11:5255790_A-G -5.070713
chr11:5255789_T-A -4.591566
chr8:41655182_T-A -2.358323
chr10:71075518_A-G -1.48279
chrX:55057617_G-C -0.074204
chr1:159174683_T-C -3.508627
chr9:136150682_G-C 0.679772
chr19:12998082_G-A -1.152016
chr11:5276543_A-C -3.163314
chr11:5271260_A-G -1.715141
chr16:222853_C-T -0.053416
chr16:222821_G-A 0.348527
chr6:49604581_T-C -3.097222
chr11:118955323_G-A -0.62603
chr11:118955413_C-T 0.0639609999999999
chr11:118955474_G-A -0.403829
chr11:118955622_T-A -0.065452
chr11:118955641_C-T -0.162752
chr11:118955716_A-C -0.702651
chr6:41925159_G-A -0.407007
chr6:109625879_G-A -1.401905
chr17:76375095_A-G 0.448994
chr20:55990405_T-C 0.582171
chr1:3691528_A-G -0.476192
