chrX:55054634_G-C -2.602218
chrX:55054635_A-G -4.365073
chrX:55054636_T-C -3.067246
chr1:155271258_T-C -3.011554
chr10:127505271_A-G -3.215231
chr10:127505291_G-T -0.38852
chr9:136144716_A-C -3.447823
chr11:5271262_A-G 0.399765
chr1:155271269_C-G 0.650988
chr1:155271259_C-G -2.086696
chr11:5255790_A-G -1.664934
chr11:5255789_T-A -3.656887
chr8:41655182_T-A -1.49826
chr10:71075518_A-G -2.449526
chrX:55057617_G-C -0.485231
chr1:159174683_T-C -2.861876
chr9:136150682_G-C 0.280412
chr19:12998082_G-A -0.605682
chr11:5276543_A-C -2.90486
chr11:5271260_A-G -1.183248
chr16:222853_C-T 0.275033
chr16:222821_G-A 0.668888
chr6:49604581_T-C -2.620108
chr11:118955323_G-A 0.80785
chr11:118955413_C-T 0.030683
chr11:118955474_G-A -0.113515
chr11:118955622_T-A -0.291507
chr11:118955641_C-T -1.009424
chr11:118955716_A-C 0.503259
chr6:41925159_G-A -0.124396
chr6:109625879_G-A -0.245342
chr17:76375095_A-G 0.639284
chr20:55990405_T-C 0.272728
chr1:3691528_A-G 0.608737
