chrX:55054634_G-C -1.952607
chrX:55054635_A-G -2.612086
chrX:55054636_T-C -2.001411
chr1:155271258_T-C -1.901934
chr10:127505271_A-G -2.894395
chr10:127505291_G-T -0.412712
chr9:136144716_A-C -3.344335
chr11:5271262_A-G -0.447152
chr1:155271269_C-G 0.42059
chr1:155271259_C-G -1.60505
chr11:5255790_A-G -2.031383
chr11:5255789_T-A -2.793794
chr8:41655182_T-A -1.489341
chr10:71075518_A-G -1.484094
chrX:55057617_G-C -0.301309
chr1:159174683_T-C -1.981454
chr9:136150682_G-C -0.270664
chr19:12998082_G-A -0.441814
chr11:5276543_A-C -1.626115
chr11:5271260_A-G -0.593296
chr16:222853_C-T -0.029892
chr16:222821_G-A -0.149062
chr6:49604581_T-C -1.750858
chr11:118955323_G-A 0.919915
chr11:118955413_C-T 0.04065
chr11:118955474_G-A -0.03877
chr11:118955622_T-A -0.038856
chr11:118955641_C-T -0.578947
chr11:118955716_A-C -0.608274
chr6:41925159_G-A -0.0488190000000001
chr6:109625879_G-A -0.899549
chr17:76375095_A-G 0.291351
chr20:55990405_T-C 0.301573
chr1:3691528_A-G 0.044078
