chrX:55054634_G-C -2.401798
chrX:55054635_A-G -2.855106
chrX:55054636_T-C -0.96253
chr1:155271258_T-C -1.240956
chr10:127505271_A-G -1.048578
chr10:127505291_G-T -0.184349
chr9:136144716_A-C -1.793826
chr11:5271262_A-G 0.926775
chr1:155271269_C-G -0.038516
chr1:155271259_C-G 0.245935
chr11:5255790_A-G -1.283838
chr11:5255789_T-A -1.436664
chr8:41655182_T-A -0.577657
chr10:71075518_A-G -1.910668
chrX:55057617_G-C -0.173985
chr1:159174683_T-C -2.121299
chr9:136150682_G-C 0.223494
chr19:12998082_G-A -0.108521
chr11:5276543_A-C -0.140954
chr11:5271260_A-G -1.246253
chr16:222853_C-T -0.586226
chr16:222821_G-A -0.199192
chr6:49604581_T-C -1.528377
chr11:118955323_G-A -0.394023
chr11:118955413_C-T -0.261719
chr11:118955474_G-A -0.221523
chr11:118955622_T-A -0.274765
chr11:118955641_C-T -0.220568
chr11:118955716_A-C 0.062904
chr6:41925159_G-A 0.084606
chr6:109625879_G-A -0.229715
chr17:76375095_A-G 0.337605
chr20:55990405_T-C -0.665966
chr1:3691528_A-G -0.529624
