chrX:55054634_G-C -2.145809
chrX:55054635_A-G -1.966452
chrX:55054636_T-C -2.488624
chr1:155271258_T-C -1.588849
chr10:127505271_A-G -1.501127
chr10:127505291_G-T -0.837863
chr9:136144716_A-C -1.417439
chr11:5271262_A-G 0.089807
chr1:155271269_C-G 0.382779
chr1:155271259_C-G -1.650977
chr11:5255790_A-G -2.31048
chr11:5255789_T-A -1.61472
chr8:41655182_T-A -0.873635
chr10:71075518_A-G -2.535436
chrX:55057617_G-C -0.229733
chr1:159174683_T-C -1.881945
chr9:136150682_G-C -0.556268
chr19:12998082_G-A -0.267343
chr11:5276543_A-C -1.728358
chr11:5271260_A-G -0.718809
chr16:222853_C-T 0.696034
chr16:222821_G-A 0.312997
chr6:49604581_T-C -0.768505
chr11:118955323_G-A 0.241633
chr11:118955413_C-T 0.161707
chr11:118955474_G-A -0.025074
chr11:118955622_T-A -0.706568
chr11:118955641_C-T -0.817397
chr11:118955716_A-C -0.485661
chr6:41925159_G-A 0.499764
chr6:109625879_G-A -0.911658
chr17:76375095_A-G 1.013579
chr20:55990405_T-C 0.596926
chr1:3691528_A-G -0.100887
