chrX:55054634_G-C -1.292159
chrX:55054635_A-G -1.350105
chrX:55054636_T-C -1.883286
chr1:155271258_T-C -1.340288
chr10:127505271_A-G -1.498193
chr10:127505291_G-T -1.255666
chr9:136144716_A-C -2.621322
chr11:5271262_A-G -0.006713
chr1:155271269_C-G 0.494129
chr1:155271259_C-G -1.152646
chr11:5255790_A-G -1.664542
chr11:5255789_T-A -2.636145
chr8:41655182_T-A -0.619878
chr10:71075518_A-G -2.785018
chrX:55057617_G-C -0.39315
chr1:159174683_T-C -0.832616
chr9:136150682_G-C -0.057667
chr19:12998082_G-A -1.124642
chr11:5276543_A-C -1.2067
chr11:5271260_A-G -0.336322
chr16:222853_C-T 0.251258
chr16:222821_G-A 0.27219
chr6:49604581_T-C -0.590223
chr11:118955323_G-A -0.326076
chr11:118955413_C-T -0.247214
chr11:118955474_G-A -0.317083
chr11:118955622_T-A -0.163742
chr11:118955641_C-T -0.181474
chr11:118955716_A-C -0.614007
chr6:41925159_G-A 0.009437
chr6:109625879_G-A -1.259877
chr17:76375095_A-G 1.12166
chr20:55990405_T-C 0.391288
chr1:3691528_A-G 0.568442
