chrX:55054634_G-C -2.027725
chrX:55054635_A-G -2.622366
chrX:55054636_T-C -1.041575
chr1:155271258_T-C -1.434181
chr10:127505271_A-G -1.448824
chr10:127505291_G-T -0.575387
chr9:136144716_A-C -1.550863
chr11:5271262_A-G 0.710734
chr1:155271269_C-G 0.139074
chr1:155271259_C-G 0.192451
chr11:5255790_A-G -1.26848
chr11:5255789_T-A -1.631751
chr8:41655182_T-A -0.384343
chr10:71075518_A-G -1.771947
chrX:55057617_G-C -0.28236
chr1:159174683_T-C -1.822849
chr9:136150682_G-C 0.0521019999999999
chr19:12998082_G-A -0.131688
chr11:5276543_A-C 0.483823
chr11:5271260_A-G -2.000603
chr16:222853_C-T -0.192464
chr16:222821_G-A -0.064791
chr6:49604581_T-C -1.392488
chr11:118955323_G-A 0.27948
chr11:118955413_C-T -0.086347
chr11:118955474_G-A -0.359557
chr11:118955622_T-A -0.567506
chr11:118955641_C-T -0.392491
chr11:118955716_A-C -0.260781
chr6:41925159_G-A 0.263202
chr6:109625879_G-A 0.037272
chr17:76375095_A-G 0.620795
chr20:55990405_T-C -0.643268
chr1:3691528_A-G -0.393848
