chrX:55054634_G-C -0.701896
chrX:55054635_A-G -2.275765
chrX:55054636_T-C -1.694137
chr1:155271258_T-C -1.736499
chr10:127505271_A-G -1.696609
chr10:127505291_G-T -1.385419
chr9:136144716_A-C -1.869491
chr11:5271262_A-G 0.362024
chr1:155271269_C-G 0.852335
chr1:155271259_C-G -0.282809
chr11:5255790_A-G -1.971083
chr11:5255789_T-A -2.765666
chr8:41655182_T-A -0.434798
chr10:71075518_A-G -2.406518
chrX:55057617_G-C -0.211058
chr1:159174683_T-C -0.983561
chr9:136150682_G-C 0.263667
chr19:12998082_G-A 0.15054
chr11:5276543_A-C -1.383257
chr11:5271260_A-G -0.519239
chr16:222853_C-T -0.402828
chr16:222821_G-A 0.159143
chr6:49604581_T-C -0.558278
chr11:118955323_G-A 0.254075
chr11:118955413_C-T -0.543307
chr11:118955474_G-A -0.466355
chr11:118955622_T-A 0.255405
chr11:118955641_C-T -0.075012
chr11:118955716_A-C -0.441894
chr6:41925159_G-A 0.221327
chr6:109625879_G-A 0.170675
chr17:76375095_A-G 1.244349
chr20:55990405_T-C 0.831789
chr1:3691528_A-G -0.449811
