chrX:55054634_G-C -2.219882
chrX:55054635_A-G -2.336229
chrX:55054636_T-C -0.78493
chr1:155271258_T-C -1.316199
chr10:127505271_A-G -1.527622
chr10:127505291_G-T -0.506285
chr9:136144716_A-C -1.14717
chr11:5271262_A-G 1.142803
chr1:155271269_C-G -0.017024
chr1:155271259_C-G 0.0383979999999999
chr11:5255790_A-G -1.450021
chr11:5255789_T-A -1.385321
chr8:41655182_T-A -0.490257
chr10:71075518_A-G -1.752786
chrX:55057617_G-C -0.006506
chr1:159174683_T-C -2.274504
chr9:136150682_G-C 0.252122
chr19:12998082_G-A -0.486003
chr11:5276543_A-C -0.113226
chr11:5271260_A-G -1.424585
chr16:222853_C-T 0.069151
chr16:222821_G-A 0.023102
chr6:49604581_T-C -1.263029
chr11:118955323_G-A 0.215861
chr11:118955413_C-T -0.077154
chr11:118955474_G-A 0.077653
chr11:118955622_T-A -0.955062
chr11:118955641_C-T -0.188692
chr11:118955716_A-C -0.184539
chr6:41925159_G-A 0.235117
chr6:109625879_G-A -0.48696
chr17:76375095_A-G 0.716464
chr20:55990405_T-C -0.57781
chr1:3691528_A-G -0.644741
