chrX:55054634_G-C -1.089428
chrX:55054635_A-G -0.272908
chrX:55054636_T-C -0.82137
chr1:155271258_T-C -1.572611
chr10:127505271_A-G -0.709035
chr10:127505291_G-T -1.249887
chr9:136144716_A-C -1.067338
chr11:5271262_A-G 0.725961
chr1:155271269_C-G 0.439932
chr1:155271259_C-G -0.176725
chr11:5255790_A-G -0.578004
chr11:5255789_T-A -1.665357
chr8:41655182_T-A -0.730392
chr10:71075518_A-G -1.953693
chrX:55057617_G-C -0.554228
chr1:159174683_T-C -0.280889
chr9:136150682_G-C -0.235661
chr19:12998082_G-A -1.003077
chr11:5276543_A-C -0.769473
chr11:5271260_A-G 0.661113
chr16:222853_C-T -0.161287
chr16:222821_G-A 0.015214
chr6:49604581_T-C -0.359403
chr11:118955323_G-A -0.347874
chr11:118955413_C-T -0.102822
chr11:118955474_G-A -0.0737380000000001
chr11:118955622_T-A 0.172644
chr11:118955641_C-T 0.22967
chr11:118955716_A-C -0.211529
chr6:41925159_G-A 0.17481
chr6:109625879_G-A -1.002849
chr17:76375095_A-G 1.211749
chr20:55990405_T-C 0.552053
chr1:3691528_A-G 0.49658
